polylcg
13
 32  30  25  24  22  15   6   2   0 
 32  31  30  29  23  21  19  18  16  13  11  10   9   8   7   5   3   1   0 
 32  28  26  23  21  20  19  18  17  16  13  10   9   7   2   1   0 
 32  30  29  25  23  19  17  16  15  13  12  11   9   8   7   4   3   1   0 
 32  31  30  29  28  24  23  21  18  14  13   9   4   3   0 
 32  31  29  28  24  23  22  21  17  16  15  12  11   9   7   6   5   4   3   1   0 
 32  31  29  27  26  25  21  20  18  16  15  14  11  10   9   8   7   6   4   3   2   1   0 
 32  31  28  27  25  24  22  21  17  15  13  12  10   7   6   4   0 
 32  31  30  24  23  22  21  18  16  14  11  10   9   8   6   5   3   2   0 
 32  31  26  25  23  22  21  20  17  16  14  12  10   8   5   4   3   2   0 
 32  31  26  24  19  16  14  12  11  10   8   5   3   2   0 
 32  28  27  26  24  23  20  18  16  15  14  13  11  10   8   5   4   3   0 
 32  31  29  28  25  23  22  16  14  11  10   8   6   4   0 
